Accuracy:  0.8962765957446809 %

Confusion matrix, without normalization
[[ 290    2    1    1    0]
 [ 138  157   13    1    0]
 [ 145    6  932    1    1]
 [  64    4    4 1110    1]
 [  44    2    1    0 1218]]

Normalized confusion matrix
[[9.86394558e-01 6.80272109e-03 3.40136054e-03 3.40136054e-03
  0.00000000e+00]
 [4.46601942e-01 5.08090615e-01 4.20711974e-02 3.23624595e-03
  0.00000000e+00]
 [1.33640553e-01 5.52995392e-03 8.58986175e-01 9.21658986e-04
  9.21658986e-04]
 [5.40997464e-02 3.38123415e-03 3.38123415e-03 9.38292477e-01
  8.45308538e-04]
 [3.47826087e-02 1.58102767e-03 7.90513834e-04 0.00000000e+00
  9.62845850e-01]]
